3006700
913700
1186601
771200
854100
816300
651400
590100
731100
935200
1746501
853500
962399
781399
728701
1181300
713100
701400
830700
667701
725300
804300
745000
702300
929699
1102000
1787299
850500
731200
676199
748099
704100
1327600
978800
1437100
911600
739401
743000
791901
845000
681100
1254100
850400
751999
676400
657200
613400
682099
981601
567000
970200
580301
712799
585001
514399
579100
679900
682000
617200
694700
599799
627900
510001
571300
635300
660899
569700
544200
571199
984700
733200
639201
569000
505300
591700
660200
666599
557900
555999
607201
530799
644801
627300
540200
518600
709899
559900
578400
443000
620999
615300
580300
825500
663201
652199
729200
594601
576599
525500
381500
464400
946500
757600
1265101
1181100
954700
583800
456699
663699
906801
1316701
916600
645601
788600
850701
450699
423300
504300
831101
587700
648600
504900
351600
439600
406701
538200
616800
569199
418001
423800
628701
1022501
761599
1142500
718900
595500
695300
520301
478900
559501
582401
796300
553500
873700
475600
653499
746499
697401
652001
576301
517001
2858500
1582400
561000
535000
525599
482900
922299
695000
594000
533101
494499
601500
516201
724401
433499
573700
484200
428400
398301
481400
493399
384999
525601
836199
488600
457999
457800
502201
479999
421800
408800
449800
431000
381000
469100
435800
429701
792001
470300
480500
555401
477200
470401
440700
411700
385101
471300
527000
535900
383500
510000
535500
513300
593499
558400
648600
466300
476100
533701
601800
492100
719400
778100
653099
570399
478100
582501
597999
543200
422399
451300
541500
563900
466800
452800
543500
533599
454200
534000
575900
485700
597600
1205901
627200
467000
384199
595200
536599
362800
613601
486300
712200
478900
469699
516700
362600
349001
548701
593700
532299
540900
542500
520701
659800
558800
531900
425100
355499
322100
544000
373000
361799
651600
413999
438400
492000
477300
359600
494900
549500
472300
853801
2555100
2327801
570501
500501
552501
648200
639200
820501
478800
713599
724100
509000
576900
632800
571100
496500
514201
569399
1252100
388000
557800
393800
382900
424299
501499
451300
434400
495101
315201
354200
406701
395300
507599
432799
414900
345399
373399
452700
391901
421300
438300
494700
408099
611200
380800
426600
389400
505099
765000
648901
6261800
701899
462299
430800
494901
457301
446801
731400
579300
916600
912601
1030500
721501
484201
573800
1178499
739800
482200
811500
523401
1922701
610400
1472501
1866599
667200
1566301
668601
2550100
1337400
3873199
846799
821700
848400
1769801
1271001
768400
635600
614600
652100
524100
685000
598299
686300
705299
1105700
906399
799900
815901
564199
620500
664200
532000
495800
630300
687800
1416499
550100
405600
451700
555400
457100
450100
353900
452600
427200
848100
550600
526700
492501
582801
629700
507599
438300
581100
370601
409900
411500
337200
432001
729500
825700
697801
481600
567599
681200
630700
475599
422400
574901
530299
592799
581400
688300
705501
543599
951000
535500
718100
539301
899300
1221900
555299
738800
613400
555899
594900
529001
424099
373299
340899
376800
327000
584800
775199
565500
639900
847700
601400
613000
557500
404300
369800
365399
394700
435400
516899
444800
426401
393901
450200
453800
657600
588100
632000
501399
347499
317200
535200
374500
592200
671501
487100
559599
623700
810500
796500
717599
364799
369600
443700
383700
677701
722400
543000
535801
615700
396800
643399
552100
648001
374400
401100
433000
337601
658900
625300
435400
421000
510800
606201
487800
532101
508200
547499
512900
654801
617099
724700
599900
503400
477400
604899
475700
505900
377500
302100
442200
454500
469300
462200
938400
655900
795400
509901
580700
562000
613701
321900
306500
324800
355700
319201
370300
459300
811999
674399
782799
710000
612300
602400
782900
358900
441300
410400
342500
686600
802700
708600
564201
784199
574300
471701
465199
369300
355800
317800
380600
362400
585201
675901
540201
492600
418800
638700
568300
879800
479900
509900
574000
474200
494900
500600
455400
492700
544700
962600
551900
627600
412000
429601
418100
326100
395700
425601
498599
635300
611400
610300
589000
567700
619300
458499
481700
379401
437501
395000
855100
802400
829600
463201
482699
492699
510099
471500
324500
300801
440400
384300
349201
473400
831400
573500
498800
506600
458500
568899
567499
683900
540901
448201
420300
364599
486500
890700
472400
748000
666600
740199
469400
835500
335500
455100
376300
330301
396100
578600
674000
668900
606599
511400
610599
552400
443300
507699
443300
396000
345399
355999
402700
781100
546100
697899
714899
744499
488100
472001
384600
314400
478801
577400
462501
816100
656800
743100
569500
513200
568000
691299
737900
430799
305800
402199
504800
671199
529400
739501
549301
396601
1189900
618100
1190200
1181999
1004600
474900
2126099
693501
616600
646899
686699
1355000
451200
531600
431500
430000
404900
420500
986400
478200
417400
692499
1201800
532700
3419399
498400
490500
925800
1329400
1779700
2069301
531901
486001
585801
947400
810300
590400
682600
637700
511400
495300
453399
314500
357701
365699
448100
400301
405700
402301
522601
380601
521401
572600
458200
299200
328000
453400
455499
460700
387399
361301
371000
421399
508899
841600
510800
870100
727200
391600
477600
475401
530099
354100
297500
393901
334300
327600
557300
506200
356200
431599
405200
427900
338999
432400
661399
498200
722800
375900
317301
528901
816700
665500
591199
357499
323200
366900
360500
354800
474100
488800
667899
325501
456300
402100
534000
505000
438900
403900
421801
357000
375200
345799
344600
522900
450700
492400
413200
422999
493999
440899
500999
430299
503000
721800
489400
475200
415601
347199
394400
462700
449099
437999
294200
425101
366501
327101
501701
444200
1733201
391701
416599
484700
477000
554500
477300
412000
375400
398000
483199
475600
461500
447500
345501
514899
384100
377800
779700
520399
382700
292199
274900
296800
314700
311001
494200
498900
465201
679199
516799
562999
536300
636500
468000
4007400
706599
293500
312900
529300
335800
500000
622001
496600
717800
960301
577300
463599
446999
509200
594099
486800
442400
460399
373400
318800
314000
291900
287301
299199
382600
588400
473500
482600
555199
577600
603000
370100
507899
355100
361001
478900
346901
344700
331600
416601
745500
464200
558901
513200
553701
482700
431100
481700
370400
309599
281099
351100
291100
296400
309799
313200
542100
349700
410801
366199
338100
316601
317000
322700
367500
346700
429499
341700
456801
328000
325601
307800
313200
305400
320900
407899
413900
309601
295200
352200
486600
427100
369200
507499
373400
418700
356000
432299
423899
412700
540600
613499
610900
608800
520500
446600
558800
491301
408200
344500
500900
324999
318300
315300
330701
355599
448199
675499
620100
530100
560800
715001
457199
313400
372800
425300
396000
315100
275400
296701
456201
430900
566600
956100
680600
807699
469999
295399
484800
513101
395699
353600
313300
416201
291800
586901
577999
453000
404700
414100
394500
375500
376199
359900
313700
491700
385200
292701
309299
358900
319501
309301
336500
407200