3140200
654800
465300
415900
402900
385600
361200
365500
380200
377700
392500
398000
378500
408900
367300
420800
375300
364100
365600
390000
354200
432600
395200
363100
411300
327200
319200
341000
353600
410700
341200
348200
354400
380600
350100
333400
324800
340600
342300
316500
365500
364500
355400
389000
347600
391300
366500
495500
382400
352800
357000
417200
456400
439500
364500
393900
333900
346500
386100
482900
370200
449700
503600
498100
508900
615700
371300
347400
414400
381900
334200
336600
412100
443200
367600
342800
336300
321800
327500
311500
340600
346900
339300
329000
325600
322100
330900
318500
291500
300400
291000
315500
488900
466500
404900
335900
316700
334100
468600
371900
320500
310400
318800
336400
331300
324100
331400
361400
574700
378100
354000
339300
317000
340300
356900
355300
340800
352500
331700
540900
387700
329300
323700
321100
318500
315200
338000
314800
359500
353900
385900
390800
337500
334600
529900
415600
318900
315200
305600
304000
307500
313800
310700
312600
309800
318600
311100
312300
312400
321300
344500
329600
326500
316700
317700
315600
315700
319500
342300
371400
382500
322800
558700
417200
403500
432100
331900
309900
310100
308500
314600
312400
416000
412900
329200
316400
315900
308600
320700
324400
311500
313800
316000
321200
317800
369500
309900
310800
314100
317400
314500
327800
329200
312700
312900
316500
322800
315400
315600
325300
372000
421100
451000
502100
382300
400000
388300
308800
355100
372900
384300
385300
367600
371300
364800
393500
401300
466400
376400
418800
403000
370800
376600
374800
645200
554800
456300
319500
311900
311300
310200
309300
336800
361300
321400
469800
352600
354900
365600
328200
350100
333600
324600
344000
326900
357300
511800
366600
301500
312800
313300
315600
315800
361400
355800
327300
328400
480100
369200
325600
363300
430400
342600
427800
401000
484500
369300
307700
321300
322800
301400
306800
315500
294900
300400
304000
312000
315400
298900
303000
305600
299900
307000
295600
304300
330100
363700
333400
312200
330400
368800
383400
313600
309700
305700
320800
321500
308400
318600
315300
312700
312000
308300
316000
303800
302800
621600
386000
603600
417300
373500
312400
301900
323900
305300
307500
301400
314700
384700
308300
320700
302800
305100
360000
315800
310000
301900
293500
282000
279300
336600
315100
296900
302100
304200
300000
301900
297600
302100
302800
294600
307600
309100
279300
288000
285300
304300
300300
297100
301300
301900
303500
326600
360800
346900
414100
387000
363900
329200
299000
301000
289500
364100
309000
344700
325600
306700
303100
314900
299000
301100
317600
306900
299400
306000
307200
319900
305200
302400
296800
327100
318200
328700
325400
302500
306900
300100
305600
308000
299300
297800
305800
299100
320300
299600
353000
478300
510700
477400
362200
358900
298200
302400
300900
294300
305500
301300
1031200
332500
318700
344400
346100
301000
297600
294400
304300
302700
301500
303800
301200
296500
301300
535500
377900
326000
293400
311100
304900
303600
299200
297000
301900
304000
306500
313900
308400
296800
297600
293300
296900
304400
305500
299900
300100
293400
304800
297900
297500
305700
303400
293700
575700
502900
562200
411900
332400
309800
302300
308100
333900
293900
293500
355400
357000
307300
299500
310800
297700
295500
301100
295500
301600
299600
295800
319000
300700
297800
310600
305500
312700
305300
299800
302200
299700
298200
465500
321600
299200
300000
304700
300200
306800
293400
308200
326200
296900
297300
330000
299100
306100
294800
307300
297600
295900
304000
300500
297000
302800
299100
307300
299600
298400
305500
299500
305800
300600
304400
316700
309500
322200
305600
294700
304000
298400
295300
310900
309600
295800
297900
329800
296200
305500
298700
295400
303700
304900
298600
299000
296400
302700
304600
301700
304500
300500
300000
306100
296700
300000
297000
298000
308000
300200
324900
298900
303800
300100
294100
300100
299900
311900
309700
299400
300900
339500
296400
309100
298300
294000
341700
635900
606600
508000
357500
347700
348400
349400
352300
346800
359100
348000
348100
361800
351400
346800
357100
354100
349500
339500
477300
530900
486000
382600
353700
368600
388300
360800
430900
354600
381200
362700
336600
339700
316100
343500
370700
410100
356300
366500
346400
356700
354100
354300
353400
402100
461900
433200
356100
353600
444200
377000
352000
309700
371100
370200
343200
359800
351300
354000
359300
354700
361500
357200
344900
380000
339800
360000
365900
382500
422900
389900
474900
376900
318600
341000
399700
353300
358200
351500
338400
325600
373900
348800
413800
351900
338200
343200
331600
346000
399700
322600
323000
719600
390500
357900
347900
355900
395300
483500
514000
423900
398600
405900
495300
371400
308400
297100
354900
314600
335600
331300
388800
517100
435200
379300
422200
430600
314600
312400
330500
442700
426500
394800
427800
457400
322400
355900
308600
294100
295700
291900
297200
592400
547000
400200
307400
294500
299000
292600
292900
507800
332900
319800
296900
295400
292000
287800
521500
367100
296400
305300
436000
315000
866400
399400
322200
304700
334800
293100
299600
297600
295200
539800
346200
302700
299400
303100
561500
343900
301400
301100
292300
563900
439400
371700
355900
388300
445900
314400
592100
352000
302400
299200
298600
294300
294300
296700
638000
583500
368000
295500
294500
527000
357300
574900
705500
502400
348900
297800
297500
297700
302500
299300
312200
642200
777600
486000
338800
423000
303600
305400
302700
302600
345900
311700
542200
415400
310300
304700
426300
342800
311800
439300
310500
315800
308100
307000
448700
543500
396700
642800
331300
412900
724300
910900
826700
1033500
503500
555400
463300
517100
415500
331100
318900
301000
341300
540200
369600
372600
379200
319800
321300
294000
296400
294600
321600
378700
631800
670500
372300
341100
326100
312900
352400
314500
330700
312900
316100
312500
512100
668600
1119100
1307700
1500100
3559400
2700000
468200
560600
590400
392100
367400
346200
337300
359000
318800
310700
320200
310500
315200
335100
311200
324500
314700
320800
324100
379000
369200
504900
367300
333400
333900
351000
333900
351500
336500
335000
328400
335900
332300
329800
336000
335800
333500
335800
326900
360400
391600
337600
339800
327200
323600
322600
321400
334500
493000
402800
324100
315800
307100
312800
317200
309400
313100
313100
312800
313800
1309100
483000
344200
314200
314200
309500
315300
311000
310700
314900
312600
316400
314400
309800
312800
313500
313300
313100
330000
314300
318400
312900
317700
318500
317600
324100
319300
313200
357800
320100
312700
293600
288300
316700
316100
295300
369100
491300
845700
379700
293100
325500
344200
310300
312900
293900
313700
317100
313000
324300
348900
319800
344000
343100
339700
334200
364600
410000
380700
365400
385400
372800
369200
346600
299300
304000
300000
322200
310700
292700
287000
315100
311000
291500
311000
286200
311100
291300
283000
311600
320900
323100
318400
289900
319700
322100
387700
326800
289300
360700
1073700
1061600
3008900
3158900
728600
