2794200
953400
475700
427700
499900
393000
400400
712800
500200
417700
355700
378900
588900
540500
411500
402000
433800
424600
530800
438800
420200
501400
518000
500100
462300
465600
469100
415700
388500
325300
326800
406700
403500
385700
359900
361500
348700
335300
335000
334300
338700
339300
353700
393900
517700
410400
345800
381800
335700
347600
339400
388200
351300
343100
351900
371300
350400
398800
361000
354300
357500
623700
558100
449300
455000
412400
473900
412700
359600
340600
335200
334100
328600
334000
341500
337000
332500
345600
365900
342200
339400
336400
342700
344100
325300
337500
328200
325900
352800
346100
368000
348000
356300
516600
354200
335900
318200
327900
319900
331700
346700
326000
322000
312600
322800
313000
328100
327400
314800
319100
345300
337300
330700
333600
352300
360400
372700
382000
629800
464100
415900
374000
350800
363100
352700
377000
379400
379900
517300
507300
412500
439600
372700
316200
323200
330300
325400
317200
314300
325900
315700
312300
318500
315800
310800
329800
308800
318200
312100
307100
316000
313100
307600
311800
311200
321500
328300
357200
332100
321700
319800
319200
313100
358600
371400
391300
332400
343800
337100
322100
323600
335700
334400
317300
319100
316900
313800
325200
409800
374700
337000
326000
320600
328700
324100
349500
353100
317700
320200
326200
332100
321400
336700
310500
320300
327700
317800
321700
322000
327600
319100
316100
330400
325900
321500
331800
312200
314200
317900
312900
310200
308900
312300
318300
316700
326600
331300
310900
312100
311100
315900
315200
314900
330200
312600
331900
310900
395400
327600
310600
309500
312700
313200
314900
310800
315000
329900
343600
369500
375300
317500
313300
323900
309800
318000
346600
547600
501100
536100
526700
466800
500100
361100
375800
391800
329600
309700
307300
299400
306600
333900
362000
320200
328800
305100
306700
306500
315300
318900
332500
343800
335200
564300
378800
361000
325900
333400
356500
322300
318100
316300
314600
331400
336600
327700
314200
331800
340300
328000
331400
315000
311100
309100
304600
333000
308800
308500
316400
323000
323900
329900
354000
334400
330400
351200
340300
315500
313900
344400
380600
442000
384400
318400
329400
317100
324300
347100
374100
340400
525200
464400
378200
322000
324900
315600
336700
344900
328500
317200
309300
339600
308600
321100
320300
308600
313200
316600
314600
310700
308800
313400
314500
308400
324200
323000
318100
335500
321000
345100
360200
351300
375400
328600
328700
341600
336400
326400
406500
368700
368700
327500
346600
322900
344900
305500
1289200
372100
309000
302000
327300
359900
365900
357900
314600
321700
324600
312300
308500
302400
305800
308400
302300
312000
300200
298300
301100
296900
301700
311600
301100
305000
338000
304400
304700
302700
302900
303400
300900
305300
307000
297800
306500
297100
301100
304500
297100
301600
306600
300500
312000
302500
297000
300600
298200
550600
356900
355500
315100
303400
375800
382500
307900
314500
412800
400500
335700
355000
318200
340200
312400
319300
351600
341100
311100
318400
355600
337600
314800
319600
327000
318200
339500
375800
378100
335500
328000
322400
312200
307100
310500
306400
315100
338000
315700
355700
305200
297100
300200
330600
347100
319200
605300
332700
312100
300900
305000
307400
297900
303600
300700
294700
303200
296200
300700
303300
296900
303400
300100
301300
313100
295400
309700
303700
298100
308100
305900
300100
302000
303600
301400
300800
298300
299600
303500
299000
329000
314900
301000
305600
299000
305500
308000
301200
307000
311500
300600
343500
325300
313500
306900
301300
476400
369400
322600
343400
325500
319200
310500
302100
305000
306200
296800
307200
307800
302200
320400
311500
308600
308500
301700
330100
319100
302700
309400
302500
307500
306900
303900
306700
308100
299800
304800
297300
309600
305900
299600
359300
311100
302500
306900
301500
305300
301300
303300
307400
300500
304300
305600
301300
307300
313500
326300
352000
351300
405000
359200
305500
307900
302900
303200
306300
297400
305700
306600
302400
308500
308600
303500
307300
299800
305300
309400
304600
309800
308300
301300
307600
302100
444600
325000
327100
329600
364200
330300
315200
308800
299900
306100
304000
320700
304900
299800
320400
309700
305300
308400
307000
300900
307500
298700
304700
319100
326100
331800
312300
306800
324600
311400
310000
313100
301500
307500
307300
297100
303400
298400
300200
328100
327100
330100
329500
320500
327000
336300
322700
330500
319100
332900
327200
326600
324800
329800
322500
323000
347100
327900
324200
323200
330400
325800
322600
328700
318300
326100
325400
318200
323600
331200
315100
327400
318800
474600
330700
318000
326200
338100
323200
450500
325700
318600
320100
315700
321500
321100
314800
324200
340800
318200
324900
353900
665500
391100
368300
381200
384200
375400
392400
395600
381100
373800
358300
378300
380400
360100
379700
383900
396300
385700
374900
420500
407100
380000
375000
397000
389400
402700
387000
394600
373500
389200
395900
398000
371800
382200
368800
358300
361400
381000
391000
387200
451900
502000
436100
434700
411000
394800
409700
399100
368100
354400
344500
1476800
421100
371400
337800
356000
342000
331200
327400
330900
342500
329200
410000
472000
400000
354500
406300
395600
354400
327100
375100
430700
405200
334200
362000
440800
359400
337600
331200
325000
350000
391100
397600
349300
368200
344600
326300
322900
335100
338500
345800
343000
327700
327400
324400
331000
343700
326300
330300
315400
332000
333100
337100
305700
310100
325800
367900
358700
362300
359600
387000
331400
403300
430900
387300
348000
329500
357900
355800
350400
331800
347000
334900
361400
367800
375700
369400
363600
388800
381300
371200
350300
336200
339000
329300
333800
332600
326900
338900
346200
333300
354600
340800
370400
375500
395100
353400
343200
338500
340700
347200
375500
423700
384700
401700
454100
392900
392400
408600
439500
560200
525400
490300
395700
332900
337800
338200
330700
342000
352100
350100
367700
375800
367400
369300
383900
406500
383400
403800
407100
385900
361300
361000
342500
396800
358100
365000
389500
422600
407500
386000
380000
612700
475000
442500
442200
416400
374000
353300
379400
348300
345900
342200
342000
345600
396500
350500
375600
373600
403100
375500
379800
399700
416800
412500
380300
376300
369400
355600
400600
367300
362700
377100
418300
427600
408600
389800
418500
397300
370900
423600
403600
478200
597100
533900
486200
459500
441900
380700
324700
320800
326300
325100
318400
333500
318900
324100
326300
335000
352300
371500
497400
382900
358900
362200
372500
369700
398900
365700
346500
347300
341500
337900
335600
339400
339700
336000
330900
336800
332300
342600
333500
330700
342800
335400
329000
420600
359900
339700
320800
314300
316000
328700
315600
321900
335400
314200
317600
314500
315400
363900
352900
342500
350700
314100
317000
334400
382200
453900
460600
350100
310200
304900
314700
306100
313200
310900
306100
309600
312000
306400
319000
307400
312100
312700
307300
321200
311800
307200
312800
