11972000
979300
823700
630200
720100
785100
705300
702600
780700
689900
823700
680000
1027600
1378400
1221300
900000
925000
951700
696700
815000
1067600
1039300
1415300
1010200
864000
985700
935400
827800
675500
588900
620700
661200
776100
726400
594500
570700
579400
568600
531600
618300
726200
638900
645300
611200
505000
479300
504900
680800
945000
986700
668300
450700
450500
439700
452700
455600
477000
447600
461400
492100
494600
463000
465500
452500
450100
424900
453600
431000
456900
422500
451200
425500
423200
442600
438900
435800
416300
429900
500700
462200
454500
631500
989300
827000
543800
522800
505500
506800
460700
432200
447600
435200
432300
450800
477400
480900
450600
441100
579900
427800
405100
424600
429700
448000
443700
451500
421300
439300
432700
412900
424300
403500
425900
433000
456100
426600
445700
410400
443500
406000
441600
402100
423000
410700
450400
402000
414400
431300
400500
394400
395200
389100
392500
394900
400200
502600
612000
446800
386900
381000
392300
385300
383500
417600
384800
387300
396600
397500
425200
389400
413100
385100
390700
381500
392800
392500
382600
387000
387300
384100
396400
393900
414700
389800
385900
392500
385900
418200
421000
429100
387200
383800
383800
380200
436100
443700
500800
397300
382900
400300
396600
376300
381400
378900
394200
380700
383600
383600
395500
384800
427400
390600
392700
393800
388300
381600
389300
382600
388600
378600
379000
377500
378900
371500
377700
386100
382000
384800
387800
384700
402900
396500
380500
374300
380300
478700
516800
437900
392000
400900
633700
422700
403000
387500
391600
388400
403700
392200
390700
389800
389000
421200
398200
384100
393200
403900
401900
409500
427200
410600
405500
431600
413000
398400
410800
407000
391500
385200
414900
399500
392500
392900
394800
389000
473000
403800
422600
430300
420100
392500
410000
386500
376900
383600
381000
376600
383000
381500
660900
399400
384500
381800
377400
387800
381000
681200
382100
408800
438800
377900
383900
381200
378500
378600
383400
384800
378600
381000
384200
384600
412300
384800
387500
388300
385200
389400
377500
381600
383200
381200
385300
385000
383100
379400
386000
383400
381800
381200
383200
381300
381000
386400
381000
379200
381600
384200
386000
381900
381400
453700
382100
385400
381100
380700
388200
380700
382100
397800
477200
404200
396200
461800
416100
443400
484600
403600
408900
377300
423200
491400
482300
474300
440300
381100
376300
378800
374900
376900
371900
394100
375200
369200
374200
378800
373300
382500
374500
374400
372400
374100
375900
384100
370800
376200
373800
370200
395600
383800
393100
375600
374400
384400
377900
389900
375100
422400
813700
695200
449900
406500
411100
384700
388400
394300
384100
390200
382500
381400
437200
471000
463500
447300
424700
431900
480500
393500
368100
366400
363400
362400
366200
374700
361800
386400
371700
396300
387300
378100
376500
371200
381700
371700
385900
393700
379300
375400
371200
378100
376300
373200
384500
378300
374000
376300
373100
377300
370400
374900
369600
367500
390100
368000
368600
366100
366300
372800
367600
370700
390900
380900
390200
443600
385900
417200
378700
381000
372500
370600
370500
376000
365400
367600
371400
365400
376800
390000
369400
362600
390900
427300
437900
366300
365400
366300
375100
393800
367200
366300
387900
373300
392200
407900
369100
363600
359100
365600
364000
367000
372500
366700
371300
361600
378600
397400
443800
447300
489400
435700
366900
363800
370600
359500
370400
367200
362100
361500
863700
720600
645500
375800
399400
366900
395800
363100
522100
365400
364400
394000
487100
354000
364000
359100
350700
358200
358900
360400
389600
356600
411800
349500
352500
354300
354000
386300
353800
398000
402800
418400
389600
422700
457000
357000
355400
346300
349600
384900
364900
371400
360800
347200
344500
346700
343400
346600
347100
348000
349100
350600
348200
360600
347100
344300
350600
346800
344600
346600
345700
344000
347000
351100
353400
341600
386400
394200
342800
350500
349500
350100
344500
346900
349300
348300
349200
345800
348200
349200
354400
350000
342800
346400
535000
343200
349200
347200
346600
344400
348100
345800
343800
347100
348300
350400
342400
348500
352000
342400
348200
346500
342200
352500
360800
347100
345100
346500
347200
344300
346400
346300
347100
341800
346600
350100
343300
352600
381700
361700
379600
353400
346800
345400
345800
346100
351100
346100
396400
358400
342800
348800
346600
342500
348500
346200
346100
364900
353200
345800
374800
347900
362000
349600
345100
361800
349900
344300
362100
344300
339300
344300
374300
454300
344700
347500
566600
662500
802800
633900
524100
498700
539000
508900
535400
539700
600100
481600
396400
367600
364100
345900
363200
375000
385700
386400
374100
375500
486300
436800
413300
405200
405400
359900
350000
339400
337300
343500
337200
337300
343800
333700
337900
339600
336400
333500
339400
337700
332700
337900
341700
337000
333600
337100
337800
349100
332500
338200
342100
332500
349200
533400
579500
576300
460400
351500
345900
357500
365800
359900
350500
344600
346900
334300
337700
338500
333200
337000
341000
334700
337400
329900
339500
338000
342200
340800
337000
343900
340700
343100
337800
342700
342400
367300
421400
582300
394800
348700
364000
369400
373100
421400
536500
505500
875200
752100
554600
461800
375700
368800
421000
399000
412500
396000
414900
523200
567300
550600
532200
502500
479600
573700
552100
574100
474900
434300
403000
355500
346600
354500
355500
349000
355100
353600
365400
347200
352700
365200
358500
391200
357800
355500
373800
437400
799300
500900
395800
382300
347400
377900
417300
336000
329000
332500
334300
330500
358200
335000
332100
328000
333900
331800
328400
333600
331600
328100
330900
332300
331800
330700
338500
333300
330200
332900
331700
335000
331200
331600
331900
332400
326800
776400
365900
331000
361900
362700
335200
338600
343900
350700
335200
352600
345200
334300
328600
332000
334000
327900
332200
564700
336900
332400
333500
333600
330900
345000
334400
331300
351000
348900
339600
332900
336300
335100
331300
335700
347100
368700
337900
339600
336200
342600
385300
366200
343000
349900
598300
574300
413800
446100
411200
376600
377800
417400
380300
371200
379900
379200
370600
380600
381400
380300
391800
385000
381200
370000
382500
377200
369300
380300
378100
378300
372600
379500
375700
370800
384300
399700
372500
379100
381100
380200
542200
553500
533500
527400
539200
414400
345400
334700
341400
341500
332400
340800
346200
348600
350300
344200
346900
342300
339400
346900
337700
344600
342100
344800
336200
338900
340300
333600
338300
345600
343200
337500
342100
339200
331700
340900
337600
331900
335800
332900
338200
545800
525700
486500
405900
824400
509500
435900
454700
406800
438900
391400
412500
438900
408000
409600
520100
412700
494300
540500
647200
547500
566900
596100
569500
451800
449000
435200
405600
412300
409500
409900
433500
419300
412000
391700
423900
387400
346000
402900
443700
422300
407400
378000
359400
340400
358600
393200
342700
335800
340300
338700
