5713200
947200
772900
729400
698400
695500
714600
741000
741600
742500
735200
727700
803200
660000
660500
660700
657100
662100
765200
711800
749000
672600
657800
766600
785100
816200
792100
811800
808500
788200
786600
765100
672600
664800
661000
658000
662000
659600
689400
725300
1020700
845300
866800
794300
797200
703100
711300
667100
716000
685100
711600
665200
659300
810900
659900
692300
654800
660700
783900
731900
755000
829400
832100
827300
839200
689800
666200
662100
659100
662100
660800
658500
659000
661100
654300
655900
660300
656100
658300
658200
657500
657100
660900
655400
669200
661200
655500
689300
720500
664800
662900
663000
656800
657600
659500
659200
658400
660900
656400
660800
660200
656900
658800
662500
656500
658300
664400
715300
703800
734400
664100
663900
708800
673800
657600
668900
749100
1143000
817500
696900
684800
872100
847200
846700
948800
721500
689200
1058600
876200
995100
864300
752400
1331700
923800
815500
771200
836200
872700
702300
862400
713400
706600
702400
938600
1070500
925300
752300
988500
796300
705000
817600
993300
1518900
1035400
1841300
935800
798200
701000
692800
678600
689000
763800
809000
870800
572900
448500
446800
471800
666300
650500
650500
641700
704100
707900
742200
654800
647800
650700
647400
663800
670800
667000
654100
667000
679100
696200
672800
738900
700900
716800
689700
718200
689800
737700
701200
656100
657500
678700
712800
691100
650200
649600
650100
650300
661100
664400
671700
670900
672300
667000
655600
659200
661700
653800
665800
665700
661000
656100
663900
655400
655800
676000
675700
656400
668000
675800
662600
655800
662500
666800
649000
740000
671300
680300
655300
653200
657400
658100
661000
666600
658900
654700
668600
664500
656700
658100
695100
681000
666600
658300
662100
665400
660200
644900
637800
550800
548500
766600
869600
793500
652300
538700
516800
519300
498500
515500
515700
515700
504100
499900
502100
509400
520900
540600
575100
512500
453200
451100
427100
444900
440300
436200
433200
480400
440900
443700
429700
431100
434400
440000
437100
442700
445800
446000
433200
461000
448700
447300
446100
451000
452800
460100
475800
462200
474700
510300
504900
499600
526000
643300
884000
635200
388000
428400
420300
379300
575200
602900
491200
496100
461000
406900
418600
466400
437900
409700
390400
389100
399800
416000
416400
387800
378700
381100
365600
389500
396500
406700
429100
423500
419000
527100
511400
475000
398300
396600
434700
537100
485300
471300
506300
613900
648200
600300
588700
649400
541000
500100
554900
620000
561200
618200
595300
630600
567000
587600
553100
520700
511000
457200
520600
500500
488600
573900
448900
398200
609500
641900
537200
504200
514200
495600
406200
486400
525100
551700
518000
557100
455200
432500
390000
483200
636800
545300
420000
409100
416700
367100
356000
359200
394300
387500
442600
481700
497300
470600
460100
490400
460800
451700
470100
403800
411500
381000
414600
434300
476900
427500
471600
516700
493100
428700
388800
442600
493400
472000
425500
442400
396900
406700
422900
403700
395700
417000
472800
449400
428000
441200
377500
410500
407800
405400
445700
449100
443500
469500
456500
455500
426000
441100
413900
462800
626500
591600
514500
500600
523600
458700
422900
413600
451800
512100
471200
459500
515400
537100
541900
428300
437300
415500
615400
462100
385800
374700
384500
390100
410700
389300
371900
402500
384700
385200
376300
385300
413700
389100
395500
580600
510400
435800
431900
420400
409700
485400
514300
442000
415100
440500
432300
424200
429500
461300
454700
544600
624600
437100
413000
396600
449700
395200
395200
416200
411000
388600
380700
397300
396600
421900
453700
393800
354700
418000
372600
410300
757900
484500
413300
477100
524900
476300
454600
478700
496800
622900
668000
438400
408500
378000
371400
392700
621100
581700
509500
461300
492100
578000
521000
540500
495000
538800
524700
530600
541600
509200
490900
513500
547600
504300
476300
488700
514800
432400
395600
508200
512400
567200
741900
600200
680600
534600
452800
474200
509900
505700
399600
420500
395100
397900
449800
511300
485500
388000
366700
374600
413200
394300
390700
430200
450800
456900
480800
715500
548900
469000
498000
811600
525200
436600
473900
543900
573800
544700
487900
402600
385700
390300
390700
391900
418700
383000
379000
374100
374300
371700
364700
428700
475000
419400
372100
379400
365100
362700
374500
378100
378400
408400
476500
410500
518300
454100
509500
549600
524500
495200
482800
472400
434900
445300
408200
366800
381500
428400
393300
392800
389900
404900
397300
406600
432800
405400
410900
398200
394800
544000
494600
404500
383100
554000
613400
517000
503100
422400
390700
386600
390800
553200
453800
479800
393400
366100
363500
374300
370200
350900
351200
361000
364000
351500
356300
359700
375100
377700
361600
393600
395600
390500
377900
354900
365800
386800
423300
389200
397300
376500
619400
420600
365500
351200
353800
351600
350600
353300
351500
350800
357900
352100
350000
354400
352700
373600
357900
374800
407100
375700
399600
356600
354100
354900
350900
351000
351500
349400
349200
352600
352500
351700
354300
353600
352400
356000
352000
350200
356700
359200
358000
354400
353100
414000
505000
715000
615400
473000
448100
435800
415600
414400
423900
479400
519400
437900
477300
484000
433500
428200
419400
618700
605500
521400
395300
355200
372200
355800
352900
356600
357600
357200
352700
354500
356200
348100
354800
358300
349000
356900
585100
579100
483700
438200
366400
349900
364700
357900
356700
354200
356200
357900
352300
355900
356700
353500
353200
365900
750400
452600
375400
375700
555800
500800
356900
355700
355700
360800
358400
356600
368800
361900
360400
355200
360900
357000
352800
359900
362300
352200
409800
416800
366000
353500
357700
360000
352400
357800
361200
357200
353600
359500
358000
358300
355100
358500
361400
354700
358200
370800
357400
401900
440600
370400
405400
383100
359400
356300
356200
356500
356400
353100
354200
352100
350600
357100
353400
351000
356700
366800
359900
357700
354200
356600
633200
372500
353000
353700
351200
350200
349900
351500
369300
352500
354400
359400
350900
354700
350700
353100
356100
353200
354600
351900
350300
352800
371400
366500
356900
353400
495400
362300
350600
351000
347800
348000
348700
346200
346800
350200
347000
346900
349000
346200
350100
349000
346500
407000
387300
359800
352500
358000
350200
351200
347300
345700
348500
347200
351200
347600
345800
348400
346900
345700
348200
346000
346400
347400
347700
348100
351400
345400
347900
364100
358400
348500
349900
345700
348800
346200
347500
350300
349100
347800
348600
347100
347800
378600
349100
381700
355600
348100
348200
358500
348800
350000
346400
362300
368800
365300
363200
365100
364100
363800
365700
364400
366500
365300
438900
374600
365900
365200
367500
364300
366200
366900
361900
366700
364700
412400
384000
365800
367900
363900
364600
367400
365800
365300
365500
366500
367200
363600
364800
365700
364000
364000
365000
364000
362500
367000
361900
366100
361800
360900
365500
364500
