11298900
1540500
1119800
906000
890800
860500
873800
928700
923600
1043500
1165600
1123700
954700
929600
1357200
931500
871600
872000
908800
909300
937100
983100
1018000
1059700
1009100
973000
998300
770100
1301300
913300
1033000
1052000
897500
835200
814600
774600
731300
794600
783100
818900
912600
1124000
1143700
915900
800400
787400
1543000
1311600
1155200
1260400
1074600
965400
842100
977700
889000
938900
1086500
820000
854500
858400
849400
869100
1032700
1168800
856600
738500
751400
737500
740300
745500
805200
828600
763600
830800
882000
882600
791400
819900
840200
880400
867700
841300
1049300
1096200
802600
860800
789200
993600
1359800
1453300
1183000
919000
763600
758300
859000
864000
791700
776200
787300
800200
1203400
1419100
863500
787600
731400
705700
692600
741600
683600
702300
698700
703800
1142900
851600
727500
651100
663400
654700
670500
659200
720900
1105800
1187600
992900
911400
858700
1315000
1108600
1068700
693900
1031100
882400
806900
851200
674900
713500
725500
673200
696700
1339300
730900
686300
658500
704500
743900
709200
719200
702700
695200
692600
656500
739100
948100
698200
640500
639200
681000
637900
639700
650300
692200
683900
656500
637700
649100
690800
662500
690300
671400
689100
660600
665000
658400
650300
747500
707000
944800
1119900
1004200
913100
689800
660100
650700
641200
817900
714800
653600
674900
673500
659100
735500
790500
728700
643400
643200
667200
770700
730500
721700
725300
654900
661200
699900
719300
650400
668400
666700
656300
655800
694900
664500
1291200
768600
840600
658100
641600
741500
1102500
647000
654900
968600
708200
707600
739900
668800
676500
704100
740700
642100
642000
652900
646200
644700
676500
707800
660700
664800
663900
659000
702600
854800
704800
733900
739600
726900
677600
640500
639800
1140400
687800
738100
1018700
705300
682600
694900
684500
693100
642900
674600
640400
629800
1050100
1076500
1215300
926000
806900
740900
702300
663500
680600
779000
757200
773100
677100
696500
737500
650000
634800
664500
637500
638000
672200
782300
798500
761300
721500
674700
744300
820100
772500
743800
906100
1184800
1031800
991600
935700
829600
751300
745900
781800
791200
948800
807600
763900
920500
795300
845500
945600
692600
640000
646800
635300
646400
649000
632600
635100
644700
641000
650700
652500
636600
624400
694400
730400
685600
626900
634100
1261600
1247400
959100
788400
1053000
921800
764600
681600
683100
676700
730200
978500
1902100
1140700
977300
690300
676800
1000000
650300
627700
636500
706200
686300
665900
656900
675200
680100
662100
632100
635700
630500
624400
632500
685100
761700
680100
626600
675000
706300
695000
775500
763400
730400
1234700
1257900
1199500
1190800
915800
1022900
1092600
787400
986400
1331200
1206900
1070600
1028100
904100
1039800
691500
580100
618000
581500
652900
565400
565700
562000
558100
557500
571800
567600
592300
573000
561600
557800
555300
857900
1750900
737300
496300
454800
446900
451800
449200
452200
453500
452600
449400
445100
460200
456200
450300
474600
509600
458500
447500
450500
433700
445200
428400
432200
426000
430200
438600
435700
435400
440800
451300
428000
895800
512200
469400
5839200
812700
740300
446400
452900
405700
394200
397000
391100
394800
386700
390600
390800
385900
415900
409600
393400
425200
411700
462400
812800
653500
609500
487800
554500
501900
503000
441300
422600
397300
390600
415300
480400
775500
441000
426600
400800
402700
435200
449100
410500
423600
430500
409200
396800
379000
670500
825700
478000
433300
426200
414200
464900
500700
464900
450700
459800
494700
548800
444900
451200
450200
434300
490400
503300
400900
564900
413700
467500
484900
433000
395900
441400
486900
507000
546200
706700
436900
392700
390900
383600
381900
389300
383900
384600
388600
474500
668000
435000
390800
433000
404900
642900
392200
387800
377400
379400
378500
376900
384400
380200
375700
375200
386100
379600
376800
389100
391800
389400
391100
385700
380800
376600
389400
383000
376200
381000
376700
372700
382700
381400
381000
384900
378800
406400
416200
379900
650000
412400
381800
379600
380100
388600
650700
390400
383500
379800
389500
377400
374500
379200
379900
377200
657800
389900
378600
380000
378200
379700
375100
380000
378500
378600
381000
379700
380500
380200
380300
384000
379900
388400
400500
375100
383200
379100
423700
744800
484300
446400
387100
389600
387400
399300
414300
408900
422700
763600
843800
666600
694400
658700
9071300
642300
536500
569400
503600
485700
439500
682200
680200
684300
676700
660100
662300
679500
462600
616100
759800
700900
513100
444300
633000
506600
446400
385600
399100
406400
717300
797100
570700
508600
465700
649000
635100
637200
603800
487500
494500
435200
384400
394100
691100
475100
388400
404100
372900
362400
385100
358200
374200
364000
364800
360200
354600
367800
378600
454300
390300
617900
432200
442100
430800
390200
401400
381400
368400
374600
367500
371000
382800
375500
373000
374200
372200
383800
690900
634900
577200
457900
441500
403200
370900
390500
397300
398000
396000
394400
393200
365500
389900
689100
488400
424100
443300
399800
445200
406300
355000
352600
361300
426000
402700
404700
407100
1396800
675200
576400
508100
482000
397900
392200
598700
551200
448600
391500
367100
359200
372100
631800
408100
372500
364700
354000
362100
370400
367000
358800
607500
614000
568600
573500
414100
402200
384600
839200
588600
457300
773100
458200
414700
624600
549900
540600
567400
694500
571000
460500
577800
533500
515100
490300
461900
583000
469100
464900
447200
414400
392400
390400
426900
462100
434500
481600
456900
453100
443500
431200
454600
433700
407600
439300
493800
487200
417500
388300
395300
480300
395600
383700
390400
384700
633800
569000
409300
367000
383800
397500
392300
395500
395900
402400
398300
393600
405300
397800
370300
375100
364900
366100
366300
361000
363600
364100
366100
365100
356600
357900
363800
360500
363300
362000
362600
372100
405000
379700
387400
360000
361700
360400
381100
358100
362100
360600
374700
408600
601500
405300
438000
396800
359300
361900
356700
360300
362900
358100
363600
380000
360000
362900
363000
362900
362500
361100
365300
379700
368300
366100
366200
375100
399100
379000
360500
363600
362800
390300
362100
360900
366200
358400
362500
364800
363100
362400
365600
362700
387300
363000
371800
389300
373600
370200
363700
357700
363800
370600
357200
362000
361800
360700
365400
362600
360800
359900
376000
382500
365200
364500
506500
377200
365700
372500
362800
361300
363300
361700
362200
365800
363900
373700
359100
365800
365400
372800
430900
402600
374100
361800
364300
365300
360500
361900
364900
364400
367000
362300
363400
360200
366400
376600
373300
365200
362500
365500
366300
365200
361800
356800
363900
361700
358000
386000
398100
376800
367600
363000
363300
358500
359800
362000
361600
357600
361600
364100
362500
366400
363500
392200
370900
363300
363400
356400
365600
370700
367300
383500
365500
364400
373700
544300
610300
398800
392300
380400
392100
387300
377200
374500
381600
399200
420800
464300
441800
490200
435400
394300
390700
395000
388200
373100
357100
358300
375900
