12839400
8331800
8020200
8114100
8003700
8816400
7696800
7321100
6618600
6674800
6720400
6607900
6313300
5837000
5811800
5741600
5677700
5654700
5345700
5099400
5041400
4859800
4321900
4444600
4359800
4332200
4260000
4384600
4082300
3831000
4046100
4105200
4061400
3721100
4147700
4003300
3977800
3872400
4157300
3853200
4015500
6538400
4951800
3849900
3842700
3841000
3985100
4005500
4046500
5260400
4185700
6797300
6528600
6555800
5379100
4824300
4532900
5373600
4641900
4650000
4995700
4315700
4388100
4423900
4553200
4762000
4694400
4796100
4857500
4878200
4691100
4593100
4802400
5008000
4610700
4426200
4514500
5198800
4227000
4001500
4237700
4383900
4199600
4043900
4048800
4569800
4262600
4038600
4101800
4865600
4150800
4073000
4471500
4157300
3968300
4068100
4035100
4084300
4054000
4952000
4078600
4390000
4529800
4362900
4528500
4044400
4725900
4808500
4866500
4932600
4650900
4201900
3986000
4405600
4430000
4219100
4360400
4235300
4222500
4211400
4185800
4081100
4023200
4018400
4038800
4154200
4024300
3992700
4264700
4125000
4052000
4017700
4681900
3950300
3779900
3782000
3946000
4180900
4226200
4020400
4034800
4008700
4222900
4233900
4008100
4031100
4138600
3992400
3991100
4117100
4052200
3981900
4005900
3861100
3977600
5376500
3899500
4017200
4250800
4000200
4061100
3970000
3994500
4004800
4018700
4144300
3993800
3944900
3934800
3970300
4101100
3992400
3962200
3977800
4068900
3968500
3926800
4029400
3990300
3994900
4021900
3784200
4044100
3968500
3923200
3994900
4088100
4262300
3964500
3987200
5027800
3952500
4000700
4116000
4039500
5188000
4245300
4530700
4668600
4657300
5239800
6558700
4704300
4442100
4511700
4332700
4668600
4527000
4261500
4108800
4705700
4550100
4606900
4888900
4955700
5085600
4901200
4685500
5617800
4715000
4661600
4721100
4451400
4593000
4492000
4714800
4700000
4470800
4103700
4402800
4710300
4629700
4270100
4251300
4165900
4039700
4023900
5265000
4441500
4630900
4774500
4649300
4963300
5216300
4327200
4409300
4667300
5496500
4727100
4259000
4164900
4662400
4601800
4403400
4075500
4394200
4212100
4324900
4271800
4672700
4603300
4587800
4912300
4232700
4420000
4661000
4878600
4532900
4369200
4536900
4042200
3996800
4006600
4266400
4653100
4653000
4828100
4410900
4107200
3996100
4033300
3836300
4142100
4041000
3947600
3982600
4066800
3991500
3971800
3804400
4216300
3982000
4003600
4740700
4363500
3985900
4066800
5103200
4046700
3943900
3994100
3831800
4009300
3986400
3943500
4113400
4042800
3946800
3919200
3992500
4198000
3954800
3946900
4125100
4073000
3991800
3964900
4152100
4943400
4118900
5881100
6457700
6796600
4163900
3963300
4107400
4662300
4680600
4684000
4323000
4664500
4501400
4895500
4004700
4349500
4856900
4295600
4700400
4629200
4357400
4450900
4607800
4690500
5430000
4878500
4945700
4685300
4637800
4501900
4166200
4090900
4135600
4324900
4294300
4474000
4900900
4873300
4948600
4286200
3981500
4413400
4103400
4031200
4028000
5024700
4302500
4019400
4002800
3986300
4043500
4045000
4017400
3978500
4004900
3923600
4138300
4079300
3992900
4119800
3956300
3938400
3973500
4024900
5269900
4033300
4123100
4095500
4017000
3951800
4062400
4061400
4010100
4031300
5482700
5185400
4131300
3955100
4369500
4116000
3974300
3977400
4578100
4142200
4226500
4266400
4405600
4233100
4227800
4121000
4148500
4308000
4070600
4029300
5462300
3951400
3936000
4126200
3991800
3959200
5119900
4120300
4038700
4031800
4060700
3955400
4086600
4009600
4014600
3989200
4001700
3993200
4742600
4181300
4192000
4650200
4691500
5126000
4700400
4488000
4684800
5215400
4770000
4524400
4106300
4270800
5090800
5457800
5507700
4207100
4420400
4151900
4469400
4790900
4605400
4990800
4576900
4853400
4445200
4167700
3999600
4285200
3982700
3976800
4360300
3891800
4107300
3975900
4367500
4034300
4186000
4158400
4372700
4415300
4331000
4886500
4637900
4591700
4428000
4478600
4521300
4273300
4205200
4016200
4017200
3975000
4163000
3996900
4649500
4089700
4016000
4017400
4024900
3959200
4404900
4643600
4918400
5015200
4368900
4643400
4622700
4594600
4904800
4880600
4589000
5053400
4022900
3947200
4056600
4034900
3986500
3996900
4017400
4036000
4010200
4094100
4042000
4109600
3937300
3975100
3919200
4270900
4040100
3957300
4081300
4086700
4006400
3979600
4223700
4380900
4024300
4006900
4581400
4174000
4121200
4118100
4043500
3941700
4032300
4565400
4239600
4075800
3973600
4521100
4685400
4766700
4580800
4760700
4393100
4212200
4104300
4105300
4156600
4086600
6676200
6493800
6872500
5301900
4206400
4356100
4035300
4030800
4604700
4868200
4298800
3997000
4111100
4059900
4560700
4237900
4196900
4523800
4700000
4679400
4614500
4750700
4237200
4377000
4201000
3965000
4002800
6525900
6425700
6122200
4073300
3860400
3885800
3922300
4345300
4702300
4685400
4638800
4212900
3856400
3959000
3866500
3709200
3940900
4022900
3953200
4039100
3950800
3991200
3834100
3680900
3856200
3882700
3867600
3914700
3822100
3651500
4010200
3856500
3874200
3993300
3999000
4098400
4011600
4063000
4032300
3808000
6493600
6406000
6304300
6338900
6233300
3852800
6444800
6585400
6561600
6835300
6430700
6573100
6442400
6406700
5630700
6843000
6858700
8134600
6308400
4084900
4233800
4180100
4330100
4191200
4368400
4232400
4395300
4364100
4304500
4249100
4465000
4393000
4179700
4466300
4198700
4018900
4723800
4121000
4195200
4579400
4261100
4521900
4146700
4088800
4201200
4403600
4179300
4073100
4057800
4536200
4171400
4017500
4036700
4280600
4509700
3894900
3828300
4193900
4190000
4072900
4394500
4056000
3791100
3762800
3712100
3942500
3948300
4315700
3775800
3683300
3708600
4008200
4111300
3962600
4074600
4000400
3941400
4381900
4138400
3950800
3982700
3962400
4834700
4013300
3700600
3844400
4035000
3991000
4048400
3984200
4427800
3785900
3757800
4029700
3949200
4055500
4247800
3761700
3780300
3874000
3774100
3745500
3731200
4319400
4034600
4370300
3822000
4025400
3992700
3970600
3856700
3923200
4031900
4047700
3958000
3738100
4047200
3974900
5020000
4009400
4014800
3984100
3924800
4011200
3949900
3938800
4120900
3969700
4040700
4471300
4341800
3986800
4051100
3955300
3933200
3979800
4013000
4128200
4048500
3901000
4191600
4114700
3996300
3982500
3984400
3965900
3919700
4123100
4406400
4004300
4927800
6507600
5390400
6575000
4693700
5943900
6557700
6580000
6405300
6544500
4954100
4041700
3802100
3832400
4895900
4295000
4027800
4283000
4554600
4124100
4193500
4126800
4182600
4209000
4371000
4413400
4038000
4362600
4087500
4157500
4011700
4291600
4225700
4184600
4046600
4581300
4735800
3989100
4068100
4015800
4149800
4006300
4767100
4030200
4119700
4091400
4320300
3773500
3761000
4035600
3977200
3814900
4536100
4454800
4051200
4141400
4124200
4011000
3840000
4630500
4250300
4521500
4010000
4094000
3829100
4361600
4202700
4136500
4134500
4205700
4372100
3762200
3921300
4493500
4801500
3750600
3738700
3982400
4030100
4018500
4250900
3891000
4492700
4062300
4135300
5428800
4056500
4029600
4084600
4427200
3926600
3673800
3723300
4102500
3938200
4086400
3960200
4657700
4025700
3807700
3866900
3666400
3674500
3749900
3935000
5093800
4517400
3761400
4641700
3920800
3988700
4027300
4023200
4130300
4033800
4006300
4170200
4161400
4104800
4680100
4220800
4425300
3957000
4757700
4074200
3994000
3968200
3808700
3852300
3907400
3877500
3785300
5097900
4073300
4270100
4039400
4042300
4019600
4056900
4008500
4637700
4109600
4134100
4031000
4073700
4106100
4019900
3990100
4001600
3944400
4026200
4040000
3975600
4062600
3990300
3965200
4058300
4188000
4446800
3969300
4102400
3978000
4053700
4074100
4077200
4083500
4068300
4177900
4139500
3990500
3950000
4008000
4059000
4520500
3873800
4050500
3997000
4003300
3953400
3770500
3854300
4178400
3952500
3994500
4537700
4079000
4012000
4076900
3997300
3942900
5000600
4016000
4523000
4004800
4352200
3966300
3901200
3996900
4829300
4401300
3930100
3946700
3974800
3971500
3853200
3948500
3916100
3886800
4040100
3995000
3876600
3970700
4589000
6270700
4490500
4757300
4581800
4723700
4551400
4423000
4628300
4566900
4492600
4103000
3961500
4043500
4209900
4181600
4005700
3930900
