16697300
8648900
8619300
8118500
8319300
7833600
7766200
11550000
8399300
8212500
7810600
7965600
8562100
12971700
10506900
12442600
8226700
8125100
7358500
7162700
7216000
7163100
7181100
24998500
7496100
6870200
6897700
6830300
6598600
7533600
7296600
6536700
6297300
6532100
6227300
6607300
7003100
6362400
6672800
91175600
6590200
6598500
5724300
5805900
5693400
5869300
5893800
5767400
5597000
5674700
5565900
6242900
5758300
5458400
5916900
6394000
5282600
5500300
5007300
5016000
4959200
5246900
4692600
4412900
4327200
4349200
4308500
4435100
4193600
4508000
4501500
4478900
4275000
4224300
4333600
4271800
4218000
4223100
4453800
4206800
4294300
4418600
4472000
4313900
4334200
4287400
4271100
4223300
4204300
4304100
4402500
4388300
4646900
4291900
4430500
4433400
4384400
4364400
4396900
4390300
4489300
4355900
4331800
4378200
4454300
4452000
4471500
4684100
5198500
4583300
4390900
4310100
4284900
5130500
4396700
4390500
4429700
9208300
5099600
4604300
4469400
5450800
5291100
5168300
4631200
5127000
4510600
4605900
4980100
4550800
4992600
6509900
4759100
4670700
5455100
4565100
4518600
4478300
9368300
5211300
4730300
4455100
5067300
4790900
5084800
5415100
4767200
5090200
4501400
4455300
4524700
4451600
4429500
4432600
4358500
4425300
4378500
5098200
4743600
4887900
4550500
4268700
4614400
4447000
4237800
4512300
4719800
4369100
4356100
4589100
4771000
4628800
4456500
4560900
4390300
4485900
4196500
4464000
4414100
4364000
4397000
4220600
4423700
4374400
4483300
4402900
4376800
4552000
4284400
4389500
4454100
4258600
4548800
4341500
4441500
4328200
4316700
4545400
4281700
4505400
4656300
4430200
4347400
4555200
4311600
4442800
4318600
4342900
4575000
4373400
4377300
4506300
4285100
4282500
4582700
4282300
4353600
4958200
4478400
4447200
4531800
4657200
4540500
4542300
4487200
4557300
4489100
4677700
4424100
4723400
4495300
4453600
4528600
4585300
4456700
4471300
4444700
4572200
4735900
5919600
4695200
89190500
4668700
4354300
4380600
4359100
4483700
4569800
4303300
4586600
4362200
4516900
4627000
4242400
6701800
4736400
4468400
5605000
4914000
4331700
4567900
8116800
4724100
4316000
4453500
4435500
4598400
4339200
5153000
5531300
4394300
4368700
4516800
4495900
4400000
4320600
4519400
4274900
4388600
4535000
4321300
4481500
6157100
4571400
4397500
6087300
5517600
4705700
5997900
5090700
5202900
4377800
4587900
4248500
4485500
4668600
4307900
4481400
4483600
4337800
4521700
5630400
5647600
4798600
5001600
4550000
7093100
4552500
4478500
4548700
4463500
4509400
4540400
4608400
4584800
5048200
6455200
4477800
4633500
4740300
4667300
4499600
4581700
4703300
4497100
5102000
5752600
4463500
4781800
5206400
4989400
4550000
4474600
4627200
4434100
4419500
4641200
5306200
5692300
4769500
4486900
4436000
4450000
4669100
5148700
4431900
4551600
4896200
4578100
4787500
4780700
5414800
7001900
5749700
4600000
4485100
4457600
4524700
5304700
4983100
4231300
4250100
4452600
4587100
4421700
5924000
5669900
4232800
4237800
4465300
4423000
4261900
4455400
4404900
4478600
4466300
4545700
4487500
4348800
4503000
4410500
4345300
4247000
4399400
4475600
4324500
4489400
4431400
4351900
4349400
4609300
4393000
4304100
4685800
4556300
4298000
4370700
4495700
4466400
5425900
5284300
4720700
4793600
4622300
4732100
4590300
4582900
4469400
4549000
5214400
5490300
5557300
4892400
5141000
5731000
4751000
4528700
5684300
4657000
4446000
5548500
5639800
4459400
7113800
4982900
7152100
5210300
7427800
5625100
6243500
4883400
4550000
5165900
4904500
6021100
7471700
6532500
4568300
4782200
4499500
4619000
4789900
5052500
4460000
7020400
4808100
4804600
4821400
4499000
4628500
4477800
4344900
5627400
4843900
4817200
4597900
4967800
4492700
94238600
7296200
5665500
7337800
7504000
4966300
7334800
7216900
7445600
7271900
7446800
7324600
5901800
5196100
7618300
7500400
4958600
6572100
7324800
6333500
6609300
6878200
7325700
7744000
6348600
4968700
4405300
4811400
4951900
4471700
5168800
4525800
4428200
4429000
4464800
4756500
4560800
4628700
4394600
4893000
4656600
4436200
4376800
4678000
4374100
4394200
4332400
4281900
5134500
6478400
4538000
5158800
23199700
5503400
4396300
4694800
5011600
4235000
4605500
4648400
4317400
4533000
4536600
4753600
5066000
5997300
4770900
5223100
4894400
4585300
4656500
4443000
4709600
4450600
5391800
5562100
4445200
4819400
5082800
5172700
4423900
4433600
4598500
4480200
5177200
5077300
4449000
4830000
4773400
4594300
4510200
4699100
4584400
4436700
4653600
5487900
4350100
5409800
5109900
4512300
4477600
4636000
5098000
4718700
4350100
4353300
4222800
4226900
4241500
4592100
4189200
4104600
5396700
5363000
4296200
4163300
4369000
4340600
5259800
4882900
4656300
4441000
4771200
4885800
4379200
4351900
4298600
4600400
4374800
4768300
4721500
4625600
5097100
4495400
4935600
4393700
4518700
4440000
4384000
4445600
5555700
4967800
4434600
4466700
5087700
4745800
120553300
4854100
4482700
4615400
4816100
4478600
4711100
4689000
4273900
4490500
4666500
4659200
5304200
5203000
4349000
4445800
4349100
4499400
4463000
4399800
5477800
4595300
4313200
4280100
4508300
4771500
4336000
4329900
4434100
4366000
4308000
5576000
4599000
4556200
4769000
4529800
4512200
4425900
5176500
4957700
4594800
4607800
4925300
5795800
4495600
4312700
4295500
4327800
4547600
5179600
4429200
4354500
4540200
4742100
4536700
5703500
5749500
4673300
4576400
5656200
4871600
4401800
4366500
5609700
5196000
4299400
4421500
5451500
4836500
4413400
4399800
90128200
7496200
7295600
6970000
7361500
7432300
6865800
4984300
4613600
4877000
5077000
4991200
5271500
5006300
5927400
4713100
4537600
5217800
13683300
4831300
5270500
4965800
5377100
7428700
6522300
6135900
6942600
6022800
5760000
4626000
4817200
5057300
5489700
5921100
5565000
4526200
4654900
4782400
4531900
4692300
4750300
4790300
4689000
4544700
4624700
4420700
4478900
4667400
4453500
4348000
4407600
4343600
4477400
4271000
4358600
4868600
4420400
4424200
4353600
4171300
4370000
4494100
4349900
4705000
4330100
4631500
4452300
4549900
4551500
4431200
4438300
4382800
4428600
4332800
4430700
4382000
7187800
5291200
4570700
6992500
4796600
4460200
4505400
4303700
4890800
5743400
4316500
4445000
4413700
5180600
4440300
4468800
4575700
4440200
4411800
4480700
4673700
4477600
4432700
4471900
4641100
4454500
7230300
4687000
4437400
4437800
6084300
4462200
4419500
4659700
4853200
4612700
4374600
6160600
4939600
4378600
4564700
5468300
5400700
4536100
4412000
4746800
4552300
4879800
4536000
4562700
4498000
5517500
4470700
4656100
4495900
5549400
4268500
4903500
4630200
4466000
4988800
4467600
4508700
4910800
4473200
4491100
4563500
4731900
4445900
4643400
4910500
4626200
4464800
4450400
4661300
4463900
4527800
4473300
4447600
4729300
4347900
4570200
4464000
4524400
4666400
4351900
4556400
5301500
4408900
4446100
4473200
4614500
4687900
4798800
4463300
4502500
4853000
4579600
4783500
4909800
5008800
5157000
4443100
4486500
4507800
4496000
4451100
4986600
4491200
4868700
4511100
4516300
4972000
4494200
4712500
4574600
4606300
4668500
4889800
4448500
4337500
4389800
4307100
4965200
4520300
4629600
4253700
5138300
4675800
4535600
4908900
4510000
4551600
4883100
4509000
4809700
4530500
4638900
4467300
4449400
4570500
4482400
87901300
4558800
4497100
5657100
5005700
4481200
4489300
4447100
4442500
4334600
5516900
5128000
4489000
4658400
4612700
4382300
4425700
4498300
4446400
4507100
4503000
4499900
4492100
4487200
4432900
4539400
4406500
4540500
4587800
4337500
4421200
4316800
4404300
4410600
4363700
4208800
4193500
4400000
4341900
4190600
4459400
4383600
4386000
4162800
4387000
4392100
4322400
4454500
4385300
4375400
4513600
5099100
5328000
4371400
4455100
4444000
4382100
4414100
4548900
4388200
4338200
5436300
5326800
4477600
4348000
4411900
4343000
4477500
4596600
4422700
4423200
5345900
5468100
4525400
4584500
4432900
5918600
5328300
5592400
5264000
5753600
4487200
4447200
4503900
4405800
4344700
4411100
4372800
4352600
4366400
5610800
4383100
4360000
4464900
4390400
4515800
4470400
4637900
4435000
4338300
4433500
5475800
5720900
5658300
4950000
5595800
7210000
