11319100
7420500
7210500
7095600
6868700
7623400
7015600
7952500
7781900
7972800
7666500
6726700
6877100
6768300
7186100
6889400
6387800
6145200
6355600
6097000
5659800
5960200
5584000
5532500
5341600
5230200
6089300
6338300
5560700
5445000
4571200
4860300
4730100
4508900
6340400
4556500
4405200
4321400
5638100
4911900
4136200
3806900
4054900
4005000
3984500
4085600
4338600
5347700
3947200
3865700
3856300
3824100
4008500
3906800
3870300
3970800
4157900
3888900
3851200
3855500
4412600
4144500
3857500
4070700
4129100
3953900
3887400
4515800
4113400
3915800
3865400
4837100
5499500
3999300
3923400
4226500
3971400
3782800
3766800
3834400
3893500
3780900
3965200
4029000
3978800
3749900
3769500
3962800
3801400
3775000
3741900
3909300
3894300
3768900
3750600
3901400
3788300
3837000
3744100
3744400
3924800
4041200
4968100
5007800
3810400
3719400
3728500
3788600
3653700
3732700
3837600
3596100
3829100
3664900
3940200
4707300
6788600
6775200
5800500
5413700
3604100
3760800
3884800
3533900
3755300
5364300
4595400
3655000
3736900
3774900
3714300
3711100
3740100
3752500
3721700
3687300
3557800
3738300
3670400
3686700
3676300
4640900
4007100
4130500
3971900
4539700
4267600
4710500
4926300
3846000
4171500
3944900
4156300
5138900
5702600
4064000
3734400
3851500
3746500
5260000
4027800
4700900
3735900
3909400
3913100
3695700
3682400
3915500
5795600
4008800
3888900
3853700
4316500
4032100
4069700
4315200
3834100
3771800
4679900
4938100
3512200
3670500
3720500
3612000
3707200
3661900
4438300
3951600
3725300
3835500
4732600
5357500
4440300
4097500
3914300
3823200
3719500
4508900
3982500
3681700
3594400
3858300
3876900
3657200
3673400
4723000
3942700
3675500
3991100
5389800
4000000
3755700
3716500
3598000
3738400
3590400
3873100
3705200
3566000
3592500
4156300
19435800
6480600
4519900
9591000
7951500
29451300
55757600
7489300
4216100
4336800
4615300
6808000
5019100
3661400
4112300
4093500
3312600
3267300
3289100
3647800
3423300
3203200
3172900
3201000
3240300
3426700
3536900
3479200
81147300
3491000
4592500
3883600
3669200
3710000
4075100
4859800
4473200
3542000
3348400
3478500
3358100
3483000
3675600
3475100
4568100
4772500
4824700
3280400
5795700
3587100
3484300
3298700
3433900
4061800
4030800
4322500
5740900
4426500
4301100
3982600
3526100
3923400
4063200
4008900
3976800
4004400
4025500
4046300
4404800
4790500
3933000
5204800
4112000
3943200
3993500
3922500
3749200
4362000
3969400
4001900
4197500
4551600
4744100
3803600
3647600
3534500
3697400
3553000
3652200
3539100
3606300
4817100
3399900
3648100
3449400
3403600
3614800
3549200
3517500
4244400
4529300
3938800
4232900
3442500
3654100
4631400
3545300
3477300
4525400
3350800
3332100
3733700
3774600
3498100
3619800
3374800
3680300
3510300
3411100
3116600
3238200
3560900
3323500
3394600
4348400
3420600
3352400
3305700
3489600
3926700
3669700
3544400
3346300
3099500
3406600
3508400
3258200
3448100
3169900
3341400
3233500
3231200
3273300
3481400
3429500
3315000
3526200
17733500
3442000
3128400
3347400
3241400
3257700
3459000
4930200
3631500
3483500
3500400
3170500
3266900
3226200
3388200
3247900
3197400
3452100
3206600
3014500
3213600
3177200
3376300
3099900
3114200
3238600
3192800
3461800
3235300
3100600
3455400
3186800
3064500
3347700
3190200
3522300
3237300
3300400
3443800
3277400
3256000
3556100
3010800
3277000
3439200
3194900
3452200
3004600
3066500
3326400
3160600
3193300
2998800
3005200
3213600
3129400
3142500
3295500
3088300
3215100
3192400
3176800
3215700
3009600
3204400
3121300
3140200
3119300
3059600
3367700
3192000
3206800
3167800
3003800
3308900
3129400
3097900
3093000
3142300
3216000
3166000
3132300
3167200
3131800
3109900
3104800
3104000
3059900
4030400
3226300
3577600
3480200
3345700
3348800
3295700
3094700
3180400
3320400
51384300
3632200
3631800
3253100
15831000
3303000
3218900
4175200
4618800
3895300
3167400
2901800
3072700
3195600
3250200
6517200
3107700
3862400
2930600
3152500
3168000
3155000
3673000
3121500
3235200
4710400
5910100
3345300
3184900
3978300
3997300
3397700
3368200
3375400
3913800
3407000
3018600
2901000
2919000
2880400
3384200
3381500
3201200
3084500
3135700
3287300
3202300
3283800
3203100
3219300
3277300
3206400
3206900
3168600
3355600
3315200
3155800
3697900
3264900
3332900
4672200
3335000
3177200
3127700
3458200
3477700
3371900
3045900
3083000
3086700
3194500
3958900
3745800
3151100
3206600
3947200
3302100
3269000
3251100
3899400
3005900
3162100
2946200
2785900
3124800
3004500
3229900
3143800
3216700
3812800
4202700
3569900
3202000
3192700
3039000
3083700
3477600
2991400
3695500
2994500
3026700
2975500
3001500
3039100
3489600
3039800
3072500
3020100
3281700
3344300
3023300
3057700
4318200
2872400
2979100
4207100
3698600
3198600
3300400
2969900
2946600
3066300
3370000
3240000
3030300
2677000
2677400
2929400
2747900
2985300
3015500
2786000
2707000
2811300
2860600
2841800
2695500
2665100
2749300
3445500
3022200
3080500
3011500
2921100
3428100
3178800
3113500
3081900
2995400
3189700
3067300
2973100
3063500
3320000
3017300
3548300
3793000
2981900
3008900
4162500
2914100
3072900
2913300
3168800
2947100
2914800
2985900
2943700
2967200
3632200
3432900
2920600
2952400
3087400
2933100
2893000
3018800
2915100
2898600
3022500
4022100
3413200
2961500
2934000
2958700
2684500
2628800
2845900
2842300
2842800
2919900
2771100
2861600
2820600
2560900
2567900
2707600
2503200
2763500
2581000
2850500
2588700
2840300
2812200
2568700
4394100
4710500
2959500
2999000
2886400
2815000
2683300
2816800
2730100
2743200
2713000
2721400
46919400
3052600
3022400
2783900
2743000
2769100
2762500
4298400
4659500
3011400
4200500
5849900
4313800
2651200
2749800
2517400
2688800
2728900
2671700
4709800
3070500
3041700
2831700
2801000
4256900
3440800
2865900
2821700
2819500
3038500
2970100
2527300
2690200
2686200
2507700
2662000
2789800
2681300
2780200
2691700
4260700
3853700
2777900
3549600
4156900
2892900
2699500
2761300
2575400
3023600
2773400
2722100
2509200
2688700
2849100
2822800
2676100
2681200
2649200
2666900
2515700
2832200
2743200
2675800
2666800
2720700
2534100
2826400
2798100
2722900
2649200
2688300
2637200
2908400
2750300
2805100
2863300
2835300
5126000
2935500
2520900
2830200
2967600
4237500
2932700
2785900
2796200
2745500
3785900
3988700
4727200
3007100
2977400
2528600
2755100
2824600
2929900
2985800
2689600
2540100
2697600
2774400
2694000
2513500
2759000
2629100
2692700
2857200
2848300
2699400
2688400
2824300
2772400
2701100
2679100
2823900
2750100
2694300
2737900
2791700
3026300
2762500
2599100
2754800
2874100
2692900
2504200
2808900
2714900
2673800
2705900
2738500
2628800
2768700
2827000
2778100
2734700
2553200
2942100
2724100
2665900
2695500
2532000
2570800
2772900
2731800
2673100
2693700
2515100
2844700
2689300
2717700
2704000
2678200
2566000
2717900
2728900
2765300
2734400
2700700
2521500
2787300
4417500
2775300
3110200
3211500
3370600
2695900
2732700
2705000
3018800
2713600
2850600
2892500
2969700
2777500
2776700
2644400
3949900
3486300
2753900
4373500
4329400
2928100
2755900
2502600
2801800
2853300
2695300
2745000
2659100
3939000
3487100
2719500
2696400
2651400
2723600
2672100
2741400
2718700
2725900
2813900
2778000
2802700
2690700
3221900
3565500
2986600
2706400
2690100
2658000
3094600
3026000
2969400
2999700
2959300
46511700
2913100
2736100
2687000
2608200
2746000
2924000
2842500
2695500
6307100
3730400
2716100
2686500
2905500
3005100
2720800
2737700
2708800
3109700
4009600
3385900
2904900
2833200
2829000
2784600
3164400
2938300
3035400
2590900
2820800
3571500
3407400
2737500
2559300
2802700
2580600
2911500
2794700
2757000
2507800
2944900
2633000
2723600
2653300
2657300
2671300
2777200
2790500
4476200
4611100
2911500
2700400
2532300
2773100
2658000
2843100
2694900
2808300
2698800
2715400
2504600
2682800
2686700
2725500
2638400
2719700
3011100
2724800
2956500
2727000
2677000
2708300
2830900
2678800
2657600
2693400
2668700
2732600
2818200
2754000
2691500
2681100
2725600
2645900
2766300
2831700
2671200
2722200
2648900
2665100
2884500
2752900
2744600
2775800
2739400
3164900
3087700
3037100
3005700
2964000
4282000
